Generating SQLite file results/cuda_initializers_4089/phase_trace.sqlite from results/cuda_initializers_4089/phase_trace.nsys-rep
Processing [results/cuda_initializers_4089/phase_trace.sqlite] with [/cm/shared/apps/Nvidia/Nsight/Systems/2026.2.1/host-linux-x64/reports/nvtx_sum.py]...

 ** NVTX Range Summary (nvtx_sum):

 Time (%)  Total Time (ns)  Instances     Avg (ns)         Med (ns)        Min (ns)       Max (ns)     StdDev (ns)    Style             Range
 --------  ---------------  ---------  ---------------  ---------------  -------------  -------------  ------------  -------  --------------------------
     33.4    1,416,342,984          1  1,416,342,984.0  1,416,342,984.0  1,416,342,984  1,416,342,984           0.0  PushPop  :batch.run
     14.7      625,271,110          1    625,271,110.0    625,271,110.0    625,271,110    625,271,110           0.0  PushPop  :cuda.startup
     11.1      470,475,153         20     23,523,757.6     20,803,307.5     20,746,550     74,228,769  11,936,515.9  PushPop  :cuda.scenario
      8.8      374,739,133         20     18,736,956.6     18,691,955.0     18,661,021     19,603,426     204,659.0  PushPop  :cuda.timesteps
      6.6      281,593,667         20     14,079,683.3     14,043,724.5     13,914,304     14,936,059     206,150.1  PushPop  :cuda.synchronize
      4.5      189,242,909         20      9,462,145.4      9,095,455.5      9,049,814     12,592,171     919,226.5  PushPop  :scenario.host_initialize
      2.1       90,166,264          1     90,166,264.0     90,166,264.0     90,166,264     90,166,264           0.0  PushPop  :batch.export_summary
      2.1       89,259,858          1     89,259,858.0     89,259,858.0     89,259,858     89,259,858           0.0  PushPop  :batch.scenario.0
      1.2       50,270,488         20      2,513,524.4        105,034.0         97,685     48,204,446  10,754,541.2  PushPop  :cuda.initialize_synthetic
      1.0       40,356,771         20      2,017,838.6      2,002,697.0      1,970,922      2,283,784      65,686.0  PushPop  :cuda.device_to_host
      0.8       33,663,085          1     33,663,085.0     33,663,085.0     33,663,085     33,663,085           0.0  PushPop  :batch.scenario.1
      0.8       33,634,341          1     33,634,341.0     33,634,341.0     33,634,341     33,634,341           0.0  PushPop  :batch.scenario.8
      0.8       32,804,640          1     32,804,640.0     32,804,640.0     32,804,640     32,804,640           0.0  PushPop  :batch.scenario.7
      0.8       32,700,563          1     32,700,563.0     32,700,563.0     32,700,563     32,700,563           0.0  PushPop  :batch.scenario.16
      0.8       31,988,664          1     31,988,664.0     31,988,664.0     31,988,664     31,988,664           0.0  PushPop  :batch.scenario.15
      0.8       31,931,176          1     31,931,176.0     31,931,176.0     31,931,176     31,931,176           0.0  PushPop  :batch.scenario.18
      0.8       31,890,950          1     31,890,950.0     31,890,950.0     31,890,950     31,890,950           0.0  PushPop  :batch.scenario.6
      0.8       31,870,140          1     31,870,140.0     31,870,140.0     31,870,140     31,870,140           0.0  PushPop  :batch.scenario.19
      0.8       31,864,369          1     31,864,369.0     31,864,369.0     31,864,369     31,864,369           0.0  PushPop  :batch.scenario.17
      0.7       31,832,079          1     31,832,079.0     31,832,079.0     31,832,079     31,832,079           0.0  PushPop  :batch.scenario.5
      0.7       31,812,761          1     31,812,761.0     31,812,761.0     31,812,761     31,812,761           0.0  PushPop  :batch.scenario.9
      0.7       31,797,383          1     31,797,383.0     31,797,383.0     31,797,383     31,797,383           0.0  PushPop  :batch.scenario.11
      0.7       31,782,935          1     31,782,935.0     31,782,935.0     31,782,935     31,782,935           0.0  PushPop  :batch.scenario.12
      0.7       31,772,235          1     31,772,235.0     31,772,235.0     31,772,235     31,772,235           0.0  PushPop  :batch.scenario.4
      0.7       31,770,331          1     31,770,331.0     31,770,331.0     31,770,331     31,770,331           0.0  PushPop  :batch.scenario.3
      0.7       31,762,527          1     31,762,527.0     31,762,527.0     31,762,527     31,762,527           0.0  PushPop  :batch.scenario.2
      0.7       31,754,050          1     31,754,050.0     31,754,050.0     31,754,050     31,754,050           0.0  PushPop  :batch.scenario.13
      0.7       31,753,039          1     31,753,039.0     31,753,039.0     31,753,039     31,753,039           0.0  PushPop  :batch.scenario.14
      0.7       31,738,210          1     31,738,210.0     31,738,210.0     31,738,210     31,738,210           0.0  PushPop  :batch.scenario.10
      0.1        5,008,132          1      5,008,132.0      5,008,132.0      5,008,132      5,008,132           0.0  PushPop  :cuda.allocate
      0.0        1,365,384          2        682,692.0        682,692.0          8,826      1,356,558     952,990.4  PushPop  :cuda.free
      0.0           32,992          1         32,992.0         32,992.0         32,992         32,992           0.0  PushPop  :app.print_stdout
      0.0           25,980          1         25,980.0         25,980.0         25,980         25,980           0.0  PushPop  :app.parse_cli
      0.0           18,886          1         18,886.0         18,886.0         18,886         18,886           0.0  PushPop  :batch.resolve_terrain
      0.0            1,353          1          1,353.0          1,353.0          1,353          1,353           0.0  PushPop  :batch.finalize_statistics
      0.0              370          1            370.0            370.0            370            370           0.0  PushPop  :config.validate
